# n = 44
       -1.66201        0.86867       0.964984       0.962185            2.1     2.7627e+08     7.5479e+07   -2.01767e+09
       -1.65228       0.863031       0.992051        1.05855           2.11    2.73048e+08    7.45045e+07   -1.94507e+09
       -1.64215       0.856892        1.02769        1.20861           2.12     2.6971e+08     7.3452e+07   -1.86828e+09
       -1.63165       0.850266        1.06345         1.3911           2.13    2.66278e+08    7.23248e+07   -1.78921e+09
       -1.62094       0.843339        1.10317        1.57307           2.14    2.62795e+08    7.11557e+07   -1.70824e+09
       -1.60958       0.835501        1.13903        1.83176           2.15    2.59128e+08    6.98455e+07   -1.62183e+09
       -1.59809       0.827495        1.18622        2.14472           2.16    2.55446e+08    6.85211e+07   -1.53356e+09
       -1.58603       0.818377        1.23499        2.55688           2.17    2.51606e+08    6.70296e+07   -1.44155e+09
       -1.57345       0.808301         1.2967        3.14349           2.18    2.47635e+08    6.54036e+07   -1.34447e+09
       -1.55983       0.796174        1.35401        4.13346           2.19    2.43372e+08    6.34798e+07   -1.24045e+09
       -1.54657       0.784933        1.40964        4.72638            2.2    2.39258e+08     6.1716e+07   -1.13736e+09
       -1.53229       0.771366        1.48096        5.83727           2.21    2.34864e+08    5.96296e+07   -1.02636e+09
       -1.51654       0.753154        1.60838        9.68236           2.22    2.30068e+08    5.69391e+07   -9.03426e+08
       -1.49997       0.732407        1.68997        14.1021           2.23    2.25074e+08    5.39565e+07   -7.74991e+08
       -1.48199       0.703814        1.88607        28.8615           2.24    2.19724e+08    5.01819e+07    -6.3633e+08
       -1.46307       0.671347        2.05119         41.024           2.25    2.14162e+08    4.59937e+07   -4.86082e+08
       -1.45295       0.651495        2.11458        50.0613          2.255    2.11214e+08    4.35734e+07   -4.06703e+08
       -1.44159       0.624361         2.2542        68.4223           2.26    2.07933e+08     4.0529e+07   -3.17817e+08
       -1.42934       0.586777        2.37278         97.473          2.265    2.04423e+08    3.66385e+07   -2.25162e+08
       -1.42002       0.573144        2.37969         97.488           2.27    2.01769e+08    3.50624e+07   -1.49681e+08
       -1.40624       0.524099        2.48589        125.095          2.275    1.97879e+08    3.03139e+07   -4.22853e+07
       -1.39356       0.480553         2.4698         140.05           2.28    1.94329e+08    2.62862e+07    6.12676e+07
        -1.3827       0.451011        2.40005        144.714          2.285    1.91312e+08    2.36478e+07    1.44796e+08
       -1.37024       0.405454        2.30283        147.828           2.29    1.87875e+08    1.98246e+07    2.46865e+08
       -1.35922       0.369532        2.22998        149.976          2.295    1.84866e+08    1.70974e+07    3.34732e+08
       -1.34811       0.330741        2.06879        141.889            2.3     1.8185e+08    1.42024e+07    4.21197e+08
       -1.33785       0.298772        1.98275        131.981          2.305    1.79091e+08    1.19687e+07    5.03376e+08
       -1.32835       0.276328        1.85332        116.736           2.31    1.76551e+08    1.03323e+07    5.80214e+08
       -1.31893       0.243996        1.74355        106.965          2.315    1.74052e+08    8.42963e+06    6.57447e+08
       -1.31067       0.229051        1.66993        95.8741           2.32    1.71876e+08    7.47073e+06    7.23872e+08
       -1.30197       0.209001        1.57867        84.4428          2.325    1.69597e+08    6.33143e+06    7.94808e+08
       -1.29489       0.198298         1.5559        78.5281           2.33    1.67759e+08    5.76192e+06    8.53489e+08
       -1.28669       0.180487        1.48384        68.3434          2.335    1.65638e+08    4.85339e+06    9.20782e+08
       -1.27934       0.169532         1.4333        60.0031           2.34    1.63749e+08    4.27818e+06    9.82046e+08
       -1.27252       0.161792        1.39914        55.3198          2.345    1.62008e+08    3.91493e+06    1.03868e+09
       -1.26549       0.152678        1.35743        49.7932           2.35    1.60222e+08    3.50119e+06    1.09824e+09
       -1.25898       0.144819         1.3263        45.2797          2.355    1.58576e+08     3.1636e+06    1.15269e+09
       -1.25193       0.135349        1.29866        41.2595           2.36    1.56805e+08    2.80565e+06     1.2118e+09
        -1.2457       0.129113        1.27527        37.4718          2.365    1.55248e+08    2.55323e+06    1.26415e+09
       -1.23928       0.123733        1.24473        34.4989           2.37    1.53651e+08    2.34862e+06    1.31861e+09
       -1.23325       0.122076        1.22687        33.3281          2.375    1.52161e+08    2.28179e+06    1.37013e+09
        -1.2275       0.116255        1.20365        30.7395           2.38    1.50743e+08    2.08312e+06    1.41966e+09
       -1.21547       0.107202        1.15877        26.2672           2.39    1.47802e+08    1.77702e+06    1.52254e+09
       -1.20393       0.100436        1.12639        22.9709            2.4     1.4501e+08    1.56005e+06    1.62149e+09
