# n = 44
       -1.66199       0.868698       0.964156       0.947835            2.1    7.07808e+06    1.93505e+06    3.64224e+08
       -1.65254       0.863298       0.989959         1.0318           2.11    6.99813e+06    1.91141e+06    3.75644e+08
       -1.64228       0.857058        1.02577        1.19643           2.12    6.91192e+06     1.8845e+06    3.88053e+08
       -1.63184       0.850312        1.06518        1.41663           2.13    6.82476e+06    1.85579e+06    4.00514e+08
       -1.62086       0.843185        1.10815        1.63365           2.14    6.73374e+06    1.82566e+06    4.13887e+08
       -1.60985       0.835951         1.1393        1.81528           2.15    6.64299e+06    1.79521e+06    4.27318e+08
       -1.59805       0.827237        1.18578        2.20369           2.16    6.54651e+06    1.75948e+06    4.41942e+08
       -1.58572       0.817907        1.23332        2.52195           2.17    6.44646e+06    1.72132e+06    4.56913e+08
       -1.57351         0.8082        1.29321        3.18309           2.18    6.34821e+06    1.68326e+06    4.71797e+08
          -1.56       0.796495        1.35006        4.03778           2.19    6.24038e+06    1.63822e+06    4.88431e+08
       -1.54616       0.784042        1.42498        4.92395            2.2    6.13102e+06    1.59102e+06    5.05671e+08
        -1.5325       0.772202        1.47111        5.45352           2.21    6.02379e+06     1.5458e+06     5.2259e+08
       -1.51652       0.753256        1.58201        8.05271           2.22    5.90005e+06    1.48114e+06    5.42398e+08
       -1.50054       0.735761        1.63912        9.53106           2.23    5.77716e+06    1.41985e+06    5.62263e+08
       -1.48519       0.718748        1.70458        10.6772           2.24    5.66051e+06    1.36076e+06    5.81661e+08
       -1.46649       0.692886        1.79976        13.9094           2.25    5.52011e+06    1.27911e+06    6.05054e+08
       -1.45698       0.678242         1.8676        15.9735          2.255    5.44953e+06    1.23526e+06    6.17083e+08
       -1.44835         0.6674        1.87429        16.5714           2.26    5.38547e+06     1.2002e+06    6.28166e+08
       -1.43684        0.64597        1.93419        19.6695          2.265    5.30104e+06    1.13951e+06    6.42196e+08
       -1.42811       0.634134        1.95665        20.7104           2.27    5.23721e+06    1.10466e+06     6.5388e+08
       -1.41807       0.616956        1.98704        22.4501          2.275    5.16444e+06    1.05614e+06    6.66185e+08
       -1.40866       0.602982        1.99843        23.5756           2.28    5.09648e+06    1.01679e+06    6.78121e+08
       -1.39851       0.584461        1.98877        24.8739          2.285    5.02353e+06         965420    6.90786e+08
       -1.38773       0.564379        2.00745        26.5588           2.29    4.94687e+06         912732    7.05028e+08
       -1.37791       0.547204         2.0287        28.0608          2.295    4.87762e+06         869586     7.1763e+08
        -1.3702        0.53666        1.98486        28.1743            2.3    4.82307e+06         840971    7.27302e+08
       -1.35868       0.513228         1.9695        29.1182          2.305    4.74253e+06         781699     7.4214e+08
       -1.34647       0.484374        1.95215        31.2447           2.31    4.65788e+06         716102    7.57819e+08
       -1.33886       0.475029        1.93625        31.1539          2.315     4.6055e+06         693065    7.67834e+08
        -1.3291       0.455898        1.87637        30.7101           2.32    4.53841e+06         646074     7.7975e+08
       -1.32035       0.440257        1.84472        30.9956          2.325    4.47886e+06         611500    7.91667e+08
       -1.31104       0.424158        1.78802        30.2921           2.33    4.41574e+06         573499    8.03533e+08
       -1.30266        0.40974        1.75729        30.1227          2.335    4.35946e+06         542329    8.14982e+08
       -1.29371       0.392689        1.70596        29.7815           2.34    4.29957e+06         506265     8.2651e+08
       -1.28466       0.374516        1.65261        29.0347          2.345    4.23941e+06         468009    8.38389e+08
       -1.27702       0.362687        1.60663        28.0947           2.35    4.18899e+06         442384    8.48567e+08
       -1.27034       0.354193        1.55948        27.2188          2.355    4.14509e+06         423719    8.57538e+08
       -1.26238       0.340061        1.52518        26.4716           2.36    4.09319e+06         395998    8.68004e+08
       -1.25409       0.325791        1.47487        25.2462          2.365    4.03942e+06         367249    8.79264e+08
       -1.24667       0.312545        1.41406        23.9854           2.37    3.99144e+06         341025    8.88734e+08
       -1.24018       0.302566        1.38322        23.4717          2.375    3.94987e+06         323551    8.97854e+08
       -1.23383       0.293747        1.35235        22.8253           2.38    3.90942e+06         307814    9.06545e+08
       -1.21964       0.272079        1.27139        20.5616           2.39    3.81965e+06         268136    9.25397e+08
       -1.20708       0.251614         1.2068         18.783            2.4    3.74113e+06         234199    9.42641e+08
