# n = 44
       -1.66227       0.868995       0.961422       0.930542            2.1    3.58255e+07     9.7938e+06    8.18985e+08
       -1.65241       0.863053       0.992617        1.06909           2.11    3.54026e+07    9.66152e+06    8.45859e+08
       -1.64216       0.856928        1.02501        1.19874           2.12    3.49657e+07    9.52602e+06    8.73813e+08
       -1.63165        0.85033        1.06225        1.36541           2.13    3.45204e+07    9.38134e+06    9.01814e+08
       -1.62104       0.843476        1.09652        1.53643           2.14    3.40738e+07    9.23226e+06    9.30924e+08
       -1.61011       0.836268        1.13633        1.76186           2.15    3.36172e+07    9.07714e+06    9.60936e+08
       -1.59825       0.827704        1.18015        2.07397           2.16    3.31249e+07    8.89494e+06    9.93502e+08
       -1.58603       0.818453        1.23751        2.49386           2.17    3.26218e+07    8.70094e+06    1.02766e+09
        -1.5734       0.808125        1.28761        3.26495           2.18    3.21056e+07    8.48937e+06    1.06216e+09
       -1.56002       0.797134        1.34328        3.64869           2.19    3.15636e+07    8.26385e+06    1.09913e+09
       -1.54659       0.785237        1.40612        4.58485            2.2    3.10239e+07    8.02741e+06    1.13667e+09
        -1.5322       0.770925        1.49043         6.1178           2.21    3.04515e+07    7.75113e+06    1.17711e+09
       -1.51626       0.752047        1.59667        9.75326           2.22    2.98239e+07    7.40781e+06    1.22159e+09
       -1.50003       0.733257        1.69291        11.9942           2.23    2.91915e+07    7.06444e+06    1.26668e+09
       -1.48269       0.708585        1.81332        18.0719           2.24    2.85235e+07    6.65286e+06    1.31568e+09
       -1.46504       0.682847        1.89527        23.1137           2.25     2.7851e+07    6.23022e+06    1.36598e+09
       -1.45416       0.663157        2.00107        27.8716          2.255    2.74417e+07    5.92578e+06    1.39639e+09
       -1.44341       0.641503        2.07539        33.3984           2.26    2.70394e+07    5.60511e+06    1.42671e+09
       -1.43278       0.618018        2.16203        40.9662          2.265    2.66449e+07    5.28406e+06    1.45611e+09
       -1.42315       0.603691        2.16346        41.9941           2.27    2.62887e+07    5.06636e+06    1.48404e+09
       -1.41071       0.573031        2.20857        47.7414          2.275    2.58329e+07    4.64661e+06    1.51958e+09
       -1.40142        0.55669         2.1986        50.1881           2.28    2.54942e+07     4.4283e+06     1.5456e+09
       -1.38942       0.524783        2.24162        57.3539          2.285    2.50611e+07    4.04094e+06    1.57891e+09
       -1.37928         0.5016        2.23886        61.2268           2.29    2.46975e+07    3.76553e+06    1.61031e+09
        -1.3677       0.474046        2.16921        61.5448          2.295    2.42842e+07    3.42085e+06    1.64192e+09
       -1.35669       0.446306        2.09465         62.708            2.3    2.38943e+07    3.10071e+06    1.67467e+09
       -1.34767       0.427549        2.06799        62.2543          2.305    2.35776e+07    2.88565e+06    1.70058e+09
       -1.33651        0.39893        1.97903        61.8949           2.31    2.31878e+07    2.57724e+06    1.73282e+09
        -1.3267       0.375661        1.89542        59.6392          2.315    2.28477e+07    2.32597e+06    1.76088e+09
       -1.31762       0.356637        1.83957        57.9182           2.32    2.25358e+07    2.13212e+06    1.78717e+09
       -1.30841       0.333575        1.75865        54.9582          2.325    2.22209e+07    1.90209e+06    1.81398e+09
       -1.29918       0.313123        1.69121        52.6737           2.33    2.19077e+07    1.71251e+06    1.84083e+09
        -1.2913       0.299246        1.62008         49.322          2.335     2.1642e+07    1.57514e+06    1.86473e+09
       -1.28324       0.282799          1.567        46.4664           2.34    2.13721e+07    1.42791e+06    1.88894e+09
       -1.27513       0.262545        1.49589         43.501          2.345     2.1102e+07    1.26057e+06    1.91336e+09
       -1.26805       0.253256        1.46486        41.4812           2.35    2.08683e+07    1.18217e+06    1.93439e+09
       -1.26127       0.244331        1.41882        39.2043          2.355    2.06452e+07    1.10606e+06    1.95495e+09
       -1.25384       0.228727        1.36593        36.2927           2.36     2.0402e+07         986357    1.97708e+09
       -1.24687       0.219088        1.32058        32.9545          2.365    2.01754e+07         902650    1.99751e+09
       -1.24131       0.213722         1.3105        32.7022           2.37    1.99959e+07         870991    2.01503e+09
       -1.23435        0.20292        1.26334         29.941          2.375    1.97718e+07         789643    2.03627e+09
       -1.22798       0.196696        1.24138        27.9663           2.38    1.95682e+07         741029    2.05572e+09
       -1.21653       0.184807         1.1949        25.6461           2.39    1.92047e+07         663290    2.09145e+09
       -1.20451       0.170143        1.13778        22.1401            2.4    1.88266e+07         566466    2.12824e+09
