# n = 44
       -1.66204       0.868681       0.965328       0.962962            2.1    1.13175e+08    3.09216e+07    1.45739e+09
       -1.65226       0.863044       0.991532         1.0558           2.11    1.11847e+08    3.05231e+07    1.50387e+09
       -1.64229       0.856974        1.02592        1.22865           2.12    1.10504e+08    3.00979e+07    1.55214e+09
       -1.63174       0.850413         1.0659        1.36846           2.13     1.0909e+08     2.9641e+07    1.60316e+09
       -1.62073       0.843134        1.10278        1.58064           2.14    1.07624e+08    2.91391e+07    1.65626e+09
        -1.6099       0.835939        1.14147        1.82168           2.15    1.06192e+08    2.86476e+07    1.70959e+09
       -1.59813        0.82732        1.19328        2.46957           2.16    1.04648e+08    2.80696e+07    1.76658e+09
       -1.58611        0.81852        1.23439        2.52837           2.17    1.03082e+08    2.74773e+07    1.82644e+09
       -1.57351       0.808552        1.27918        3.06555           2.18    1.01453e+08    2.68207e+07    1.88756e+09
        -1.5602       0.797143        1.35106        3.88027           2.19     9.9747e+07    2.60819e+07    1.95334e+09
       -1.54634       0.784654        1.40751        4.66921            2.2    9.79857e+07    2.52841e+07    2.02216e+09
       -1.53175       0.769668        1.50823        6.81329           2.21    9.61494e+07    2.43606e+07    2.09429e+09
        -1.5167       0.753314        1.59022        11.0024           2.22    9.42742e+07    2.34004e+07    -2.1252e+09
       -1.50051        0.73354        1.68638        13.2725           2.23    9.22768e+07    2.22292e+07    -2.0452e+09
       -1.48191       0.704324        1.86639        24.0878           2.24    9.00109e+07    2.06645e+07   -1.95179e+09
       -1.46382       0.677297        1.96711         30.421           2.25    8.78319e+07    1.92277e+07   -1.86141e+09
       -1.45351       0.657947        2.05534        35.6211          2.255    8.66026e+07    1.82455e+07   -1.80996e+09
       -1.44193       0.628066        2.19944        55.0863           2.26     8.5234e+07    1.69541e+07   -1.75147e+09
       -1.43067       0.604071        2.23083        60.1062          2.265     8.3911e+07    1.58177e+07   -1.69529e+09
       -1.42152       0.587295        2.27395        64.4526           2.27    8.28433e+07    1.50641e+07   -1.64883e+09
       -1.40739       0.540993        2.37943        87.3078          2.275    8.12105e+07    1.32591e+07   -1.57895e+09
       -1.39768        0.52127        2.35854        87.0389           2.28    8.00944e+07    1.23998e+07   -1.52939e+09
       -1.38519       0.482807        2.35552        98.7565          2.285    7.86704e+07    1.09921e+07    -1.4652e+09
       -1.37423       0.453911        2.27632        100.055           2.29    7.74298e+07    9.90561e+06   -1.40996e+09
       -1.36272       0.419955        2.19477        101.808          2.295    7.61369e+07    8.71914e+06   -1.35166e+09
       -1.35123       0.379583        2.13642        104.689            2.3    7.48584e+07    7.44268e+06     -1.291e+09
       -1.34104       0.354787        2.02952        98.1725          2.305    7.37307e+07    6.60403e+06    -1.2393e+09
       -1.32939       0.316405        1.89219        91.0322           2.31    7.24519e+07    5.44641e+06   -1.17952e+09
       -1.32111       0.299869         1.8448        88.9229          2.315    7.15522e+07    5.00067e+06   -1.13674e+09
       -1.31342       0.288998        1.77161        81.7297           2.32    7.07204e+07     4.6345e+06   -1.09682e+09
       -1.30451       0.263545        1.68641        75.9948          2.325    6.97615e+07    3.97572e+06   -1.04971e+09
       -1.29649       0.247909        1.61779        69.5087           2.33    6.89055e+07    3.55387e+06   -1.00722e+09
       -1.28755       0.227174        1.55896         63.271          2.335    6.79577e+07    3.05938e+06   -9.61125e+08
       -1.28089        0.21696        1.49189        57.3106           2.34    6.72547e+07    2.78634e+06   -9.25608e+08
       -1.27273       0.199174        1.41749          50.33          2.345    6.63988e+07    2.38025e+06   -8.82001e+08
       -1.26649       0.193573        1.39989        49.1614           2.35    6.57489e+07    2.27417e+06   -8.48365e+08
       -1.25936       0.182237        1.35571        44.1769          2.355    6.50106e+07    2.02612e+06   -8.10219e+08
        -1.2525       0.173302        1.32372         40.406           2.36     6.4303e+07    1.84047e+06   -7.73584e+08
       -1.24585       0.162732        1.28511        37.1048          2.365    6.36215e+07    1.64631e+06   -7.37405e+08
       -1.23954       0.159509        1.25941        34.9875           2.37    6.29789e+07    1.57284e+06   -7.03661e+08
       -1.23353       0.149885        1.23016        31.8871          2.375    6.23692e+07    1.40488e+06   -6.70976e+08
       -1.22731       0.146742         1.2088        30.2671           2.38     6.1741e+07    1.34303e+06   -6.36789e+08
       -1.21532       0.133838        1.16556        25.9274           2.39    6.05405e+07    1.13029e+06   -5.71228e+08
       -1.20402       0.127428        1.12362        23.0111            2.4    5.94192e+07    1.01855e+06   -5.08497e+08
